============
 tesseract:
============
   level  page_num  block_num  par_num  line_num  word_num  left   top  width  height  conf  text
0      1         0          0        0         0         0     0     0   8500   11000    -1   NaN
1      2         0          1        0         0         0  2107  2067    624     101    -1   NaN
2      3         0          1        1         0         0  2107  2067    624     101    -1   NaN
3      4         0          1        1         1         0  2107  2067    624     101    -1   NaN
4      5         0          1        1         1         1  2107  2067    379     101    95  SENT
5      5         0          1        1         1         2  2536  2067    195     101    96    TO
6      2         0          2        0         0         0  2107  2609    632     101    -1   NaN
7      3         0          2        1         0         0  2107  2609    632     101    -1   NaN
8      4         0          2        1         1         0  2107  2609    632     101    -1   NaN
9      5         0          2        1         1         1  2107  2609    389     101    93  SOLD

==================
 my ocr_words.csv
==================
,text,bbox,word_type
0,"
","BBox(x=[2107, 2107], y=[2067, 2168])",WordType.LINEBREAK
1,SENT,"BBox(x=[2107, 2486], y=[2067, 2168])",WordType.TEXT
2,TO,"BBox(x=[2536, 2731], y=[2067, 2168])",WordType.TEXT
3,"
","BBox(x=[2107, 2107], y=[2609, 2710])",WordType.LINEBREAK
4,SOLD,"BBox(x=[2107, 2496], y=[2609, 2710])",WordType.TEXT
5,TO,"BBox(x=[2544, 2739], y=[2609, 2710])",WordType.TEXT


==================
 my sel_words.csv
==================
,bottom,height,left,right,top,width,x,y,word_id,text
0,33,21,12.0,58.75,12,46.75,12.0,12,word_000000,Sent
1,33,21,64.21665954589844,88.71665954589844,12,24.5,64.21665954589844,12,word_000001,To
2,33,21,180.06666564941406,216.1000061035156,12,36.03334045410156,180.06666564941406,12,word_000002,"Ray,"
3,33,21,221.73333740234375,268.25,12,46.51666259765625,221.73333740234375,12,word_000003,Lopez
4,33,21,273.8833312988281,303.6000061035156,12,29.7166748046875,273.8833312988281,12,word_000004,and
5,33,21,309.23333740234375,395.8333282470703,12,86.59999084472656,309.23333740234375,12,word_000005,Maldonado
6,54,21,180.06666564941406,230.8999938964844,33,50.83332824707031,180.06666564941406,33,word_000006,38337
